dr = 0.667000;
Go = 350.000000;
hpo = 0.070000;
den = 1.260000;
patm = 101.300000;
h0 = -1.000000;
emax = 0.740000;
emin = 0.490000;
nb = 0.500000;
nd = 0.100000;
Ado = -1.000000;
zmax = 2.000000;
cz = 200.000000;
ce = -1.000000;
phic = 35.600000;
nu = 0.300000;
cgd = 2.000000;
cdr = -1.000000;
ckaf = -1.000000;
Q = 10.000000;
R = 1.500000;
mpar = 0.010000;
Fsed_min = -1.000000;
p_sedo = -1.000000;
